3614
3644
3691
3592
3643
3576
3634
3659
3614
3684
3733
3770
3779
3783
3731
3719
3739
3714
3744
3788
3812
3866
3875
3934
3962
3936
3921
3932
3939
3937
3974
3930
3880
3901
3955
3991
4025
4043
4041
4048
4035
4054
4010
3997
4008
4046
4032
4069
4088
4090
4106
4113
4122
4122
4144
4123
4181
4247
4314
4307
4336
4366
4417
4566
4587
4619
4638
4611
4651
4674
4657
4665
4746
4794
4857
4845
4889
4888
4893
4911
4941
4923
4941
4982
4987
4984
4958
4977
4981
5104
5161
5244
5264
5208
5220
5186
5106
5062
5060
4957
4956
5054
5088
5063
5154
5222
5249
5290
5274
5261
5272
5370
5381
5408
5434
5488
5499
5474
5521
5533
5515
5425
5396
5402
5439
5450
5448
5454
5453
5431
5441
5483
5490
5543
5613
5668
5672
5784
5774
5805
5829
5862
5895
5933
5997
6037
6035
6069
6065
6099
6089
6081
6135
6170
6197
6246
6262
6257
6302
6356
6334
6321
6309
6224
6207
6224
6212
6138
6211
6216
6230
6271
6259
6290
6330
6354
6422
6454
6488
6537
6543
6557
6559
6572
6599
6664
6690
6723
6745
6729
6814
6840
6872
6936
6965
7039
7151
7199
7209
7334
7252
7377
7406
7457
7396
7413
7428
7472
7487
7475
7469
7540
7585
7629
7750
7776
7821
7835
7872
7932
7990
8036
8045
8137
8203
8201
8227
8320
8330
8293
8298
8270
8188
8183
8044
7948
7929
7866
7873
7880
7906
7935
7949
7992
8006
7975
7933
7916
7961
7939
7927
7912
8006
7985
8022
8077
8082
8146
8198
8270
8327
8361
8432
8437
8493
8547
8545
8530
8583
8662
8694
8788
8792
8867
8931
8954
8989
9119
9203
